1963     64       1        5.0      37174    713.734  4610.08 	
1964     58       1        6.5      38410    816.81   4997.41 	
1965     67       1        5.0      50331    938.164  6104.78 	
1966     71       1        5.0      54634    963.451  6443.63 	
1967     68       1        7.5      51274    965.471  6177.45 	
1968     71       1        7.0      45781    832.451  5401.23 	
1969     68       1        7.5      50394    993.515  6080.71 	
1970     72       1        6.5      47073    894.847  5527.88 	
1971     74       1        9.0      55976    1058.34  6492.84 	
1972     76       1        7.0      51518    984.342  5916.34 	
1973     72       1        8.5      51501    1029.76  6066.75 	
1974     77       1        8.0      50646    990.623  5794.21 	
1975     73       1        9.0      46715    986.301  5501.22 	
1976     71       1        11.0     44280    989.099  5299.05 	
1977     76       1        7.0      41490    858.803  4801.31 	
1978     70       1        10.5     41254    944.314  4984.35 	
1979     67       1        10.0     30078    729.164  3718.79 	
1980     71       1        11.0     37354    870.69   4504.85 	
1981     71       1        10.0     39223    926.352  4752.44 	
1982     62       1        18.0     33896    933.677  4406.09 	
1983     65       1        14.0     32871    874.769  4204.21 	
1984     70       1        13.5     38367    960.0    4759.37 	
1985     74       1        9.5      39556    968.392  4822.28 	
1986     69       1        17.0     38126    1026.96  4845.04 	
1987     74       1        12.5     43520    1120.97  5404.68 	
1988     72       1        12.0     40496    1082.28  5125.44 	
1989     79       1        11.0     50186    1209.33  6068.67 	
1990     70       1        17.0     47390    1290.91  6087.32 	
1991     75       1        12.0     51178    1286.84  6349.55 	
1992     76       1        8.5      52253    1282.16  6452.97 	
1993     83       1        6.0      53231    1184.84  6291.77 	
1994     88       1        8.0      56066    1155.41  6393.19 	
1995     89       1        6.0      55739    1139.54  6302.71 	
1996     90       1        5.5      61104    1218.28  6837.7  	
1997     89       1        8.0      61707    1258.24  6941.25 	
1998     94       1        9.5      80291    1569.35  8820.4  	
1999     108      1        5.0      83906    1421.17  8580.13 	
